4294967279,56
4294967279,55
4294967279,54
4294967279,53
4294967279,52
4294967279,51
4294967279,50
4294967279,49
4294967279,76
4294967279,75
4294967279,74
4294967279,73
4294967279,72
4294967279,71
4294967279,70
4294967279,69
4294967279,68
4294967279,67
4294967279,66
4294967279,65
4294967279,64
4294967279,63
4294967279,62
4294967279,61
4294967279,60
4294967279,59
4294967279,58
4294967279,57
4294967278,339
4294967278,338
4294967279,540
4294967278,154
4294967278,152
14,6
14,5
4294967278,151
14,4
14,3
14,2
14,1
4294967279,539
4294967279,538
4294967278,150
4294967278,147
4294967279,537
4294967278,337
4294967278,336
13,5
4294967278,143
13,4
13,3
13,2
13,1
4294967278,142
4294967294,392
4294967294,114
4294967279,536
4294967278,285
4294967278,139
4294967279,139
4294967279,138
4294967278,137
4294967279,137
12,5
4294967278,136
12,4
4294967279,535
12,3
12,2
12,1
4294967279,534
4294967278,135
4294967279,135
4294967278,274
4294967279,134
4294967278,273
4294967278,272
4294967278,284
4294967279,288
4294967279,83
4294967279,82
4294967279,81
4294967279,80
4294967279,79
4294967279,78
4294967279,77
4294967279,292
4294967278,335
4294967279,291
4294967279,95
4294967279,94
4294967279,93
4294967279,92
4294967279,91
4294967279,90
4294967279,89
4294967279,87
4294967279,86
4294967279,85
4294967279,84
4294967278,283
4294967279,287
4294967278,282
4294967278,288
4294967279,286
4294967278,280
4294967279,269
4294967294,89
4294967278,279
11,6
4294967279,268
11,5
4294967278,265
11,4
4294967279,267
11,2
11,1
4294967278,264
4294967279,265
4294967279,285
4294967278,263
4294967278,262
4294967279,99
4294967279,98
4294967279,97
4294967279,96
4294967279,533
4294967278,334
4294967279,284
4294967278,259
4294967279,107
4294967279,106
4294967279,105
4294967279,104
4294967279,103
4294967279,102
4294967279,101
4294967279,100
4294967279,262
4294967279,125
4294967279,123
4294967279,122
4294967279,119
4294967279,118
4294967279,117
4294967279,116
4294967279,115
4294967279,114
4294967279,236
4294967279,113
4294967279,234
4294967279,112
4294967279,111
4294967279,110
4294967279,109
4294967279,108
4294967278,286
4294967279,282
4294967278,333
4294967278,4
4294967278,332
4294967279,532
4294967279,132
4294967278,331
10,6
4294967279,531
4294967279,131
10,5
4294967278,330
10,4
4294967279,530
4294967279,130
10,3
10,2
10,1
4294967279,257
4294967278,329
4294967279,529
4294967279,129
4294967278,328
4294967279,528
4294967279,128
4294967278,327
4294967278,326
4294967278,256
4294967279,527
4294967279,127
4294967279,526
4294967279,126
4294967278,325
4294967279,248
4294967279,246
4294967279,242
4294967279,255
4294967279,124
4294967279,253
4294967278,324
4294967279,251
9,5
4294967278,251
9,4
4294967279,250
9,3
9,2
9,1
4294967279,525
4294967279,121
4294967278,249
4294967294,120
4294967279,249
4294967278,248
4294967279,120
4294967278,244
4294967278,243
4294967278,246
4294967278,240
8,5
4294967278,238
8,4
8,3
8,2
8,1
4294967279,524
4294967278,237
4294967278,236
4294967278,232
4294967278,231
4294967278,234
4294967294,1031
4294967294,734
4294967294,61
4294967294,581
4294967294,454
4294967294,455
4294967294,595
4294967294,115
4294967294,165
4294967294,113
4294967294,160
4294967294,168
4294967294,167
4294967294,177
4294967294,425
4294967294,184
4294967294,398
4294967294,188
4294967294,185
4294967294,126
4294967294,18
4294967294,104
4294967294,106
4294967294,166
4294967294,24
4294967294,175
4294967294,183
4294967294,176
4294967294,1247
4294967278,6
4294967278,5
4294967278,230
4294967278,7
4294967278,228
4294967278,224
4294967278,10
4294967278,9
4294967278,8
4294967278,220
4294967278,217
4294967278,216
3,2
4294967278,14
4294967278,13
4294967278,12
4294967278,11
3,5
4294967279,523
4294967278,20
4294967278,19
4294967278,18
4294967278,17
4294967278,16
4294967278,15
4294967279,522
4294967278,323
4294967279,521
4294967278,208
4294967278,37
4294967278,36
4294967278,35
4294967278,34
4294967278,33
4294967278,32
4294967278,31
4294967278,30
4294967278,29
4294967278,28
4294967278,27
4294967278,26
4294967278,25
4294967278,24
4294967278,23
4294967278,22
